60 795
0 3
0 4
0 4
0 6
0 9
0 10
0 14
0 15
0 17
0 18
0 20
0 21
0 25
0 25
0 27
0 28
0 28
0 28
0 33
0 36
0 36
0 38
0 39
0 40
0 41
0 42
0 43
0 44
0 45
0 45
0 47
0 48
0 48
0 50
0 52
0 56
0 56
0 58
0 58
0 59
0 59
1 2
1 3
1 10
1 10
1 10
1 10
1 18
1 19
1 23
1 25
1 25
1 30
1 30
1 37
1 40
1 40
1 42
1 46
1 54
1 54
1 55
2 4
2 5
2 9
2 11
2 13
2 14
2 15
2 15
2 16
2 18
2 20
2 23
2 25
2 30
2 30
2 33
2 44
2 48
2 56
2 56
3 5
3 8
3 12
3 14
3 14
3 17
3 18
3 18
3 18
3 19
3 21
3 28
3 30
3 31
3 34
3 34
3 36
3 36
3 36
3 40
3 41
3 42
3 43
3 45
3 51
3 51
3 51
4 5
4 5
4 9
4 10
4 14
4 19
4 28
4 31
4 31
4 32
4 33
4 36
4 37
4 39
4 44
4 52
4 59
4 59
5 6
5 7
5 9
5 12
5 14
5 18
5 18
5 20
5 20
5 30
5 31
5 32
5 32
5 37
5 44
5 45
5 45
5 58
5 59
6 11
6 13
6 21
6 24
6 29
6 30
6 30
6 36
6 37
6 38
6 40
6 40
6 51
6 51
6 59
7 8
7 10
7 12
7 14
7 16
7 22
7 23
7 23
7 28
7 28
7 28
7 38
7 39
7 40
7 40
7 42
7 43
7 44
7 45
7 46
7 46
7 48
7 50
7 50
7 54
7 55
7 58
7 58
8 10
8 20
8 23
8 24
8 30
8 32
8 35
8 39
8 40
8 44
8 44
8 45
8 45
8 45
8 48
8 48
8 50
8 56
8 58
8 59
8 59
9 19
9 20
9 21
9 28
9 28
9 29
9 30
9 32
9 33
9 35
9 36
9 39
9 39
9 39
9 42
9 47
9 48
9 51
9 51
9 52
9 52
10 11
10 17
10 22
10 23
10 24
10 25
10 28
10 30
10 33
10 39
10 40
10 41
10 42
10 44
10 46
10 51
10 55
10 55
10 58
10 58
11 15
11 18
11 24
11 25
11 25
11 28
11 30
11 30
11 31
11 32
11 34
11 36
11 38
11 38
11 40
11 44
11 50
11 51
11 53
11 56
11 58
12 18
12 18
12 20
12 21
12 24
12 28
12 29
12 32
12 33
12 33
12 36
12 36
12 36
12 39
12 39
12 41
12 42
12 45
12 46
12 48
12 48
12 48
12 51
12 51
12 54
12 55
12 55
12 56
12 56
13 15
13 15
13 19
13 20
13 21
13 21
13 30
13 30
13 32
13 32
13 33
13 36
13 36
13 37
13 40
13 43
13 54
14 15
14 20
14 28
14 31
14 32
14 34
14 36
14 40
14 43
14 47
14 50
14 53
14 55
14 59
14 59
14 59
15 16
15 18
15 18
15 20
15 22
15 28
15 28
15 32
15 32
15 32
15 32
15 33
15 37
15 39
15 40
15 48
15 55
15 56
15 58
15 59
16 17
16 18
16 20
16 20
16 22
16 24
16 29
16 29
16 30
16 32
16 33
16 37
16 38
16 39
16 39
16 39
16 41
16 42
16 44
16 45
16 59
17 20
17 21
17 23
17 24
17 28
17 30
17 34
17 36
17 36
17 37
17 43
17 43
17 44
17 44
17 45
17 48
17 50
17 51
17 54
17 56
17 59
18 20
18 24
18 25
18 29
18 33
18 36
18 39
18 42
18 44
18 45
18 45
18 45
18 48
18 48
18 58
18 58
18 59
19 21
19 24
19 24
19 25
19 28
19 28
19 29
19 29
19 30
19 36
19 36
19 36
19 44
19 45
19 45
20 22
20 22
20 30
20 32
20 32
20 33
20 36
20 38
20 40
20 40
20 41
20 43
20 44
20 45
20 45
20 47
20 47
20 54
20 58
20 59
20 59
21 23
21 28
21 29
21 32
21 33
21 34
21 36
21 40
21 40
21 41
21 42
21 43
21 44
21 44
21 45
21 45
21 58
21 59
22 24
22 29
22 30
22 32
22 36
22 38
22 40
22 41
22 41
22 42
22 42
22 43
22 45
22 49
22 51
22 58
22 59
23 28
23 28
23 33
23 39
23 39
23 40
23 43
23 48
23 51
23 51
23 51
23 58
23 58
23 59
23 59
24 33
24 36
24 40
24 40
24 41
24 41
24 41
24 41
24 42
24 42
24 43
24 44
24 50
24 51
24 55
24 56
24 59
25 29
25 29
25 31
25 32
25 32
25 35
25 36
25 36
25 40
25 40
25 41
25 41
25 43
25 47
25 48
25 55
25 57
25 58
25 58
25 59
25 59
26 28
26 28
26 30
26 32
26 39
26 39
26 47
26 48
26 51
26 54
26 56
26 58
26 59
27 30
27 30
27 33
27 36
27 40
27 42
27 44
27 45
27 45
27 50
27 50
27 51
27 51
27 51
27 58
27 58
27 59
27 59
27 59
28 33
28 39
28 39
28 39
28 40
28 41
28 43
28 45
28 48
28 48
28 51
28 51
28 55
28 57
28 58
28 58
29 30
29 30
29 31
29 32
29 37
29 37
29 39
29 40
29 41
29 44
29 48
29 49
29 56
29 56
29 58
29 59
30 31
30 32
30 32
30 32
30 33
30 33
30 36
30 39
30 42
30 42
30 42
30 44
30 45
30 54
30 58
30 59
31 33
31 39
31 40
31 42
31 43
31 43
31 54
31 56
31 58
31 59
32 35
32 36
32 37
32 37
32 40
32 40
32 41
32 45
32 54
32 55
33 37
33 40
33 40
33 41
33 41
33 42
33 44
33 47
33 48
33 54
34 39
34 42
34 45
34 45
34 48
34 48
34 49
34 52
34 54
34 58
34 59
34 59
35 36
35 37
35 37
35 40
35 41
35 48
35 56
35 58
36 37
36 38
36 39
36 39
36 42
36 44
36 47
36 47
36 48
36 48
36 54
36 57
36 59
36 59
37 38
37 38
37 39
37 40
37 41
37 42
37 42
37 43
37 44
37 45
37 45
37 50
37 56
37 59
38 39
38 41
38 41
38 43
38 43
38 44
38 51
39 40
39 41
39 41
39 45
39 49
39 58
40 42
40 43
40 44
40 44
40 45
40 50
40 54
41 43
41 43
41 49
41 51
41 55
42 43
42 45
42 45
42 45
42 48
42 48
42 51
42 51
42 51
42 55
43 44
43 45
43 45
43 47
43 47
43 50
43 51
43 59
44 45
44 47
44 50
44 50
44 57
44 59
44 59
44 59
44 59
44 59
45 47
45 48
45 50
45 51
45 56
45 58
45 58
45 59
46 48
46 55
46 56
46 59
47 55
48 51
48 58
48 59
49 51
49 51
49 54
49 56
50 51
50 55
50 58
51 59
51 59
51 59
52 56
52 58
52 59
52 59
53 56
53 56
53 59
54 56
54 56
54 56
54 59
54 59
55 58
55 58
55 58
55 59
55 59
56 58
56 58
57 59
58 59
29
17
17
17
7
17
11
23
3
5
23
2
7
17
7
2
29
2
17
17
17
29
3
5
31
2
2
2
5
3
5
5
13
13
31
3
2
11
3
5
23
5
13
2
23
3
31
31
3
2
3
2
3
23
5
2
7
3
23
11

